1566034319
2245
455
3423
16930
2245
12257
30346
506
32577
9313
4207
8624
9116
1323
19667
27615
3638
4052
18925
8946
27316
3900
17407
15042
9263
14131
5532
17376
21090
22724
17375
28245
16005
6694
20929
29273
28656
3431
31412
27042
19216
2364
20792
24689
7116
6789
15608
27643
11749
7262
1375
11938
15851
19291
31125
13491
3408
1584
29795
19144
11106
17258
19692
18191
11821
14847
12175
5170
3089
27312
28467
8527
26030
11867
2100
4841
2426
24405
22075
29164
26563
26721
23728
10721
12786
11669
17996
17869
20438
27489
27355
32676
27301
12926
30086
26427
23932
31550
13846
30064
9105
8342
1775
25002
6683
29044
9069
24272
18055
23035
30085
941
29477
2245
2245
10550
14550
10363
13187
2868
15300
21222
76
7676
3692
23154
3165
14626
412
21622
17339
20403
30678
16781
13879
29888
30431
23616
3070
29821
21686
8112
26813
22159
32202
31904
7706
17901
24608
26685
11177
4451
1676
22954
18342
5431
21027
1782
2473
29985
1997
21360
26546
30533
3328
498
27394
32581
16696
17393
1168
7986
15450
15517
30971
14642
11715
28796
24536
32604
8692
16260
3996
27767
5105
16336
8252
25301
3599
1212
23407
24412
12540
7415
7868
20211
16749
23367
13053
16116
8765
23758
28189
16077
9304
4431
30919
22036
21793
2271
269
9873
1169
24482
12341
18384
22934
18035
17771
10714
21009
2377
14513
9501
6537
8448
4797
25873
31648
18775
28991
7964
29032
32150
9733
10425
16112
3011
8616
14770
27272
3170
5211
30498
24700
28686
15614
23689
12097
29070
20190
3752
28280
7979
32354
235
19341
13622
16594
21796
21015
2718
14848
28741
31875
5756
26130
16424
